   0.0000000e+00   1.0000000e-01   1.0000000e-01
   1.0000000e+00   1.0000000e-01   1.0000000e-01
   2.0000000e+00   1.0000000e-01  -8.4385638e-01
   3.0000000e+00   1.0000000e-01  -2.7752913e+00
   4.0000000e+00   1.0000000e-01  -5.5859827e+00
   5.0000000e+00   1.0000000e-01  -9.2119950e+00
   6.0000000e+00   1.0000000e-01  -1.3568924e+01
   7.0000000e+00   1.0000000e-01  -1.8528231e+01
   8.0000000e+00   1.0000000e-01  -2.3965789e+01
   9.0000000e+00   1.0000000e-01  -2.9575818e+01
   1.0000000e+01   1.0000000e-01  -3.5201690e+01
   1.1000000e+01   1.0000000e-01  -4.0689626e+01
   1.2000000e+01   1.0000000e-01  -4.5745104e+01
   1.3000000e+01   1.0000000e-01  -5.0312972e+01
   1.4000000e+01   1.0000000e-01  -5.4181233e+01
   1.5000000e+01   1.0000000e-01  -5.7386615e+01
   1.6000000e+01   1.0000000e-01  -5.9917040e+01
   1.7000000e+01   1.0000000e-01  -6.1483762e+01
   1.8000000e+01   1.0000000e-01  -6.2134160e+01
   1.9000000e+01   1.0000000e-01  -6.1848047e+01
   2.0000000e+01   1.0000000e-01  -6.0741724e+01
   2.1000000e+01   1.0000000e-01  -5.8861366e+01
   2.2000000e+01   1.0000000e-01  -5.6332552e+01
   2.3000000e+01   1.0000000e-01  -5.3106011e+01
   2.4000000e+01   1.0000000e-01  -4.9273211e+01
   2.5000000e+01   1.0000000e-01  -4.4948284e+01
   2.6000000e+01   1.0000000e-01  -4.0286649e+01
   2.7000000e+01   1.0000000e-01  -3.5326118e+01
   2.8000000e+01   1.0000000e-01  -3.0335013e+01
   2.9000000e+01   1.0000000e-01  -2.5443763e+01
   3.0000000e+01   1.0000000e-01  -2.0691961e+01
   3.1000000e+01   1.0000000e-01  -1.6308837e+01
   3.2000000e+01   1.0000000e-01  -1.2238160e+01
   3.3000000e+01   1.0000000e-01  -8.8257804e+00
   3.4000000e+01   1.0000000e-01  -6.1851067e+00
   3.5000000e+01   1.0000000e-01  -4.3799700e+00
   3.6000000e+01   1.0000000e-01  -3.4470109e+00
   3.7000000e+01   1.0000000e-01  -3.5598721e+00
   3.8000000e+01   1.0000000e-01  -4.6465824e+00
   3.9000000e+01   1.0000000e-01  -6.6678313e+00
   4.0000000e+01   1.0000000e-01  -9.3427875e+00
   4.1000000e+01   1.0000000e-01  -1.2796932e+01
   4.2000000e+01   1.0000000e-01  -1.6787450e+01
   4.3000000e+01   1.0000000e-01  -2.1311388e+01
   4.4000000e+01   1.0000000e-01  -2.6146673e+01
   4.5000000e+01   1.0000000e-01  -3.1224780e+01
   4.6000000e+01   1.0000000e-01  -3.6146870e+01
   4.7000000e+01   1.0000000e-01  -4.0817439e+01
   4.8000000e+01   1.0000000e-01  -4.5140972e+01
   4.9000000e+01   1.0000000e-01  -4.8951914e+01
   5.0000000e+01   1.0000000e-01  -5.2256289e+01
   5.1000000e+01   1.0000000e-01  -5.4955413e+01
   5.2000000e+01   1.0000000e-01  -5.7063041e+01
   5.3000000e+01   1.0000000e-01  -5.8576526e+01
   5.4000000e+01   1.0000000e-01  -5.9005869e+01
   5.5000000e+01   1.0000000e-01  -5.8609088e+01
   5.6000000e+01   1.0000000e-01  -5.7409036e+01
   5.7000000e+01   1.0000000e-01  -5.5466932e+01
   5.8000000e+01   1.0000000e-01  -5.2671630e+01
   5.9000000e+01   1.0000000e-01  -4.9224732e+01
   6.0000000e+01   1.0000000e-01  -4.5215412e+01
   6.1000000e+01   1.0000000e-01  -4.0892340e+01
   6.2000000e+01   1.0000000e-01  -3.6484590e+01
   6.3000000e+01   1.0000000e-01  -3.2175085e+01
   6.4000000e+01   1.0000000e-01  -2.7895874e+01
   6.5000000e+01   1.0000000e-01  -2.3850688e+01
   6.6000000e+01   1.0000000e-01  -2.0126121e+01
   6.7000000e+01   1.0000000e-01  -1.6819096e+01
   6.8000000e+01   1.0000000e-01  -1.3940598e+01
   6.9000000e+01   1.0000000e-01  -1.1485962e+01
   7.0000000e+01   1.0000000e-01  -9.6472676e+00
   7.1000000e+01   1.0000000e-01  -8.4944238e+00
   7.2000000e+01   1.0000000e-01  -8.2036844e+00
   7.3000000e+01   1.0000000e-01  -8.8429813e+00
   7.4000000e+01   1.0000000e-01  -1.0214304e+01
   7.5000000e+01   1.0000000e-01  -1.2201290e+01
   7.6000000e+01   1.0000000e-01  -1.4681895e+01
   7.7000000e+01   1.0000000e-01  -1.7776181e+01
   7.8000000e+01   1.0000000e-01  -2.1340531e+01
   7.9000000e+01   1.0000000e-01  -2.5157185e+01
   8.0000000e+01   1.0000000e-01  -2.9077151e+01
   8.1000000e+01   1.0000000e-01  -3.3110837e+01
   8.2000000e+01   1.0000000e-01  -3.7180847e+01
   8.3000000e+01   1.0000000e-01  -4.1201851e+01
   8.4000000e+01   1.0000000e-01  -4.4940795e+01
   8.5000000e+01   1.0000000e-01  -4.8314518e+01
   8.6000000e+01   1.0000000e-01  -5.1218281e+01
   8.7000000e+01   1.0000000e-01  -5.3696836e+01
   8.8000000e+01   1.0000000e-01  -5.5487987e+01
   8.9000000e+01   1.0000000e-01  -5.6707194e+01
   9.0000000e+01   1.0000000e-01  -5.7225755e+01
   9.1000000e+01   1.0000000e-01  -5.6950322e+01
   9.2000000e+01   1.0000000e-01  -5.5815665e+01
   9.3000000e+01   1.0000000e-01  -5.4100035e+01
   9.4000000e+01   1.0000000e-01  -5.1646183e+01
   9.5000000e+01   1.0000000e-01  -4.8690486e+01
   9.6000000e+01   1.0000000e-01  -4.5218503e+01
   9.7000000e+01   1.0000000e-01  -4.1294960e+01
   9.8000000e+01   1.0000000e-01  -3.7170717e+01
   9.9000000e+01   1.0000000e-01  -3.2968044e+01
   1.0000000e+02   1.0000000e-01  -2.8823384e+01
   1.0100000e+02   1.0000000e-01  -2.4808477e+01
   1.0200000e+02   1.0000000e-01  -2.0993143e+01
   1.0300000e+02   1.0000000e-01  -1.7589505e+01
   1.0400000e+02   1.0000000e-01  -1.4672521e+01
   1.0500000e+02   1.0000000e-01  -1.2310740e+01
   1.0600000e+02   1.0000000e-01  -1.0566377e+01
   1.0700000e+02   1.0000000e-01  -9.4080979e+00
   1.0800000e+02   1.0000000e-01  -9.0930577e+00
   1.0900000e+02   1.0000000e-01  -9.3560094e+00
   1.1000000e+02   1.0000000e-01  -1.0154557e+01
   1.1100000e+02   1.0000000e-01  -1.1605434e+01
   1.1200000e+02   1.0000000e-01  -1.3664178e+01
   1.1300000e+02   1.0000000e-01  -1.6208930e+01
   1.1400000e+02   1.0000000e-01  -1.9193838e+01
   1.1500000e+02   1.0000000e-01  -2.2361481e+01
   1.1600000e+02   1.0000000e-01  -2.5751596e+01
   1.1700000e+02   1.0000000e-01  -2.9429191e+01
   1.1800000e+02   1.0000000e-01  -3.3251238e+01
   1.1900000e+02   1.0000000e-01  -3.6935696e+01
   1.2000000e+02   1.0000000e-01  -4.0616393e+01
   1.2100000e+02   1.0000000e-01  -4.4035205e+01
   1.2200000e+02   1.0000000e-01  -4.6967541e+01
   1.2300000e+02   1.0000000e-01  -4.9430317e+01
   1.2400000e+02   1.0000000e-01  -5.1367720e+01
   1.2500000e+02   1.0000000e-01  -5.2607932e+01
   1.2600000e+02   1.0000000e-01  -5.3053539e+01
   1.2700000e+02   1.0000000e-01  -5.2879627e+01
   1.2800000e+02   1.0000000e-01  -5.2087486e+01
   1.2900000e+02   1.0000000e-01  -5.0602334e+01
   1.3000000e+02   1.0000000e-01  -4.8450035e+01
   1.3100000e+02   1.0000000e-01  -4.5778851e+01
   1.3200000e+02   1.0000000e-01  -4.2753064e+01
   1.3300000e+02   1.0000000e-01  -3.9395283e+01
   1.3400000e+02   1.0000000e-01  -3.5908199e+01
   1.3500000e+02   1.0000000e-01  -3.2194057e+01
   1.3600000e+02   1.0000000e-01  -2.8507595e+01
   1.3700000e+02   1.0000000e-01  -2.5090253e+01
   1.3800000e+02   1.0000000e-01  -2.1979176e+01
   1.3900000e+02   1.0000000e-01  -1.9112700e+01
   1.4000000e+02   1.0000000e-01  -1.6802515e+01
   1.4100000e+02   1.0000000e-01  -1.5046817e+01
   1.4200000e+02   1.0000000e-01  -1.3709714e+01
   1.4300000e+02   1.0000000e-01  -1.2969734e+01
   1.4400000e+02   1.0000000e-01  -1.2869657e+01
   1.4500000e+02   1.0000000e-01  -1.3317109e+01
   1.4600000e+02   1.0000000e-01  -1.4550029e+01
   1.4700000e+02   1.0000000e-01  -1.6152611e+01
   1.4800000e+02   1.0000000e-01  -1.8397541e+01
   1.4900000e+02   1.0000000e-01  -2.1076947e+01
   1.5000000e+02   1.0000000e-01  -2.4136092e+01
   1.5100000e+02   1.0000000e-01  -2.7462327e+01
   1.5200000e+02   1.0000000e-01  -3.0964811e+01
   1.5300000e+02   1.0000000e-01  -3.4448685e+01
   1.5400000e+02   1.0000000e-01  -3.7831919e+01
   1.5500000e+02   1.0000000e-01  -4.1335841e+01
   1.5600000e+02   1.0000000e-01  -4.4566447e+01
   1.5700000e+02   1.0000000e-01  -4.7417210e+01
   1.5800000e+02   1.0000000e-01  -4.9826905e+01
   1.5900000e+02   1.0000000e-01  -5.1831069e+01
   1.6000000e+02   1.0000000e-01  -5.3195586e+01
   1.6100000e+02   1.0000000e-01  -5.3969198e+01
   1.6200000e+02   1.0000000e-01  -5.3999539e+01
   1.6300000e+02   1.0000000e-01  -5.3355040e+01
   1.6400000e+02   1.0000000e-01  -5.2278757e+01
   1.6500000e+02   1.0000000e-01  -5.0562217e+01
   1.6600000e+02   1.0000000e-01  -4.8287303e+01
   1.6700000e+02   1.0000000e-01  -4.5633965e+01
   1.6800000e+02   1.0000000e-01  -4.2611183e+01
   1.6900000e+02   1.0000000e-01  -3.9335027e+01
   1.7000000e+02   1.0000000e-01  -3.5776250e+01
   1.7100000e+02   1.0000000e-01  -3.2171156e+01
   1.7200000e+02   1.0000000e-01  -2.8527092e+01
   1.7300000e+02   1.0000000e-01  -2.4973849e+01
   1.7400000e+02   1.0000000e-01  -2.1731368e+01
   1.7500000e+02   1.0000000e-01  -1.8815803e+01
   1.7600000e+02   1.0000000e-01  -1.6146619e+01
   1.7700000e+02   1.0000000e-01  -1.3993085e+01
   1.7800000e+02   1.0000000e-01  -1.2196926e+01
   1.7900000e+02   1.0000000e-01  -1.0970088e+01
   1.8000000e+02   1.0000000e-01  -1.0194357e+01
   1.8100000e+02   1.0000000e-01  -1.0013247e+01
   1.8200000e+02   1.0000000e-01  -1.0450481e+01
   1.8300000e+02   1.0000000e-01  -1.1518873e+01
   1.8400000e+02   1.0000000e-01  -1.3104928e+01
   1.8500000e+02   1.0000000e-01  -1.5269441e+01
   1.8600000e+02   1.0000000e-01  -1.7952576e+01
   1.8700000e+02   1.0000000e-01  -2.0945333e+01
   1.8800000e+02   1.0000000e-01  -2.4125613e+01
   1.8900000e+02   1.0000000e-01  -2.7560507e+01
   1.9000000e+02   1.0000000e-01  -3.1211954e+01
   1.9100000e+02   1.0000000e-01  -3.4836509e+01
   1.9200000e+02   1.0000000e-01  -3.8261785e+01
   1.9300000e+02   1.0000000e-01  -4.1380471e+01
   1.9400000e+02   1.0000000e-01  -4.4385366e+01
   1.9500000e+02   1.0000000e-01  -4.6966532e+01
   1.9600000e+02   1.0000000e-01  -4.9217490e+01
   1.9700000e+02   1.0000000e-01  -5.1064478e+01
   1.9800000e+02   1.0000000e-01  -5.2248434e+01
   1.9900000e+02   1.0000000e-01  -5.2726235e+01
   2.0000000e+02   1.0000000e-01  -5.2578935e+01
   2.0100000e+02   1.0000000e-01  -5.1808753e+01
   2.0200000e+02   1.0000000e-01  -5.0659405e+01
   2.0300000e+02   1.0000000e-01  -4.9037037e+01
   2.0400000e+02   1.0000000e-01  -4.6894745e+01
   2.0500000e+02   1.0000000e-01  -4.4296895e+01
   2.0600000e+02   1.0000000e-01  -4.1317742e+01
   2.0700000e+02   1.0000000e-01  -3.8246399e+01
   2.0800000e+02   1.0000000e-01  -3.5063125e+01
   2.0900000e+02   1.0000000e-01  -3.1750600e+01
   2.1000000e+02   1.0000000e-01  -2.8594196e+01
   2.1100000e+02   1.0000000e-01  -2.5449152e+01
   2.1200000e+02   1.0000000e-01  -2.2514710e+01
   2.1300000e+02   1.0000000e-01  -1.9748214e+01
   2.1400000e+02   1.0000000e-01  -1.7572419e+01
   2.1500000e+02   1.0000000e-01  -1.5799025e+01
   2.1600000e+02   1.0000000e-01  -1.4653126e+01
   2.1700000e+02   1.0000000e-01  -1.4058674e+01
   2.1800000e+02   1.0000000e-01  -1.3947503e+01
   2.1900000e+02   1.0000000e-01  -1.4388720e+01
   2.2000000e+02   1.0000000e-01  -1.5223932e+01
   2.2100000e+02   1.0000000e-01  -1.6598948e+01
   2.2200000e+02   1.0000000e-01  -1.8235644e+01
   2.2300000e+02   1.0000000e-01  -2.0314993e+01
   2.2400000e+02   1.0000000e-01  -2.2643489e+01
   2.2500000e+02   1.0000000e-01  -2.5200589e+01
   2.2600000e+02   1.0000000e-01  -2.7738696e+01
   2.2700000e+02   1.0000000e-01  -3.0420320e+01
   2.2800000e+02   1.0000000e-01  -3.3162697e+01
   2.2900000e+02   1.0000000e-01  -3.5847128e+01
   2.3000000e+02   1.0000000e-01  -3.8405522e+01
   2.3100000e+02   1.0000000e-01  -4.0577493e+01
   2.3200000e+02   1.0000000e-01  -4.2351241e+01
   2.3300000e+02   1.0000000e-01  -4.3741599e+01
   2.3400000e+02   1.0000000e-01  -4.4689577e+01
   2.3500000e+02   1.0000000e-01  -4.5308900e+01
   2.3600000e+02   1.0000000e-01  -4.5590007e+01
   2.3700000e+02   1.0000000e-01  -4.5522698e+01
   2.3800000e+02   1.0000000e-01  -4.5084138e+01
   2.3900000e+02   1.0000000e-01  -4.4305381e+01
   2.4000000e+02   1.0000000e-01  -4.3217876e+01
   2.4100000e+02   1.0000000e-01  -4.1872780e+01
   2.4200000e+02   1.0000000e-01  -4.0208646e+01
   2.4300000e+02   1.0000000e-01  -3.8333856e+01
   2.4400000e+02   1.0000000e-01  -3.6179075e+01
   2.4500000e+02   1.0000000e-01  -3.3826982e+01
   2.4600000e+02   1.0000000e-01  -3.1421659e+01
   2.4700000e+02   1.0000000e-01  -2.9027065e+01
   2.4800000e+02   1.0000000e-01  -2.6734870e+01
   2.4900000e+02   1.0000000e-01  -2.4638423e+01
   2.5000000e+02   1.0000000e-01  -2.2818951e+01
   2.5100000e+02   1.0000000e-01  -2.1200082e+01
   2.5200000e+02   1.0000000e-01  -2.0008771e+01
   2.5300000e+02   1.0000000e-01  -1.9230084e+01
   2.5400000e+02   1.0000000e-01  -1.9025623e+01
   2.5500000e+02   1.0000000e-01  -1.9189076e+01
   2.5600000e+02   1.0000000e-01  -1.9736985e+01
   2.5700000e+02   1.0000000e-01  -2.0747228e+01
   2.5800000e+02   1.0000000e-01  -2.2090848e+01
   2.5900000e+02   1.0000000e-01  -2.3652293e+01
   2.6000000e+02   1.0000000e-01  -2.5403299e+01
   2.6100000e+02   1.0000000e-01  -2.7333173e+01
   2.6200000e+02   1.0000000e-01  -2.9322762e+01
   2.6300000e+02   1.0000000e-01  -3.1458705e+01
   2.6400000e+02   1.0000000e-01  -3.3602059e+01
   2.6500000e+02   1.0000000e-01  -3.5744828e+01
   2.6600000e+02   1.0000000e-01  -3.7737904e+01
   2.6700000e+02   1.0000000e-01  -3.9675681e+01
   2.6800000e+02   1.0000000e-01  -4.1298442e+01
   2.6900000e+02   1.0000000e-01  -4.2509803e+01
   2.7000000e+02   1.0000000e-01  -4.3430225e+01
   2.7100000e+02   1.0000000e-01  -4.3942871e+01
   2.7200000e+02   1.0000000e-01  -4.4088373e+01
   2.7300000e+02   1.0000000e-01  -4.3824271e+01
   2.7400000e+02   1.0000000e-01  -4.3239311e+01
   2.7500000e+02   1.0000000e-01  -4.2326806e+01
   2.7600000e+02   1.0000000e-01  -4.1083294e+01
   2.7700000e+02   1.0000000e-01  -3.9581531e+01
   2.7800000e+02   1.0000000e-01  -3.7936222e+01
   2.7900000e+02   1.0000000e-01  -3.6118993e+01
   2.8000000e+02   1.0000000e-01  -3.4209239e+01
   2.8100000e+02   1.0000000e-01  -3.2198033e+01
   2.8200000e+02   1.0000000e-01  -3.0331550e+01
   2.8300000e+02   1.0000000e-01  -2.8556649e+01
   2.8400000e+02   1.0000000e-01  -2.6830282e+01
   2.8500000e+02   1.0000000e-01  -2.5259094e+01
   2.8600000e+02   1.0000000e-01  -2.3944890e+01
   2.8700000e+02   1.0000000e-01  -2.2949683e+01
   2.8800000e+02   1.0000000e-01  -2.2283293e+01
   2.8900000e+02   1.0000000e-01  -2.1862413e+01
   2.9000000e+02   1.0000000e-01  -2.1686730e+01
   2.9100000e+02   1.0000000e-01  -2.1793276e+01
   2.9200000e+02   1.0000000e-01  -2.2291802e+01
   2.9300000e+02   1.0000000e-01  -2.3103438e+01
   2.9400000e+02   1.0000000e-01  -2.4180507e+01
   2.9500000e+02   1.0000000e-01  -2.5666860e+01
   2.9600000e+02   1.0000000e-01  -2.7303463e+01
   2.9700000e+02   1.0000000e-01  -2.8955396e+01
   2.9800000e+02   1.0000000e-01  -3.0593833e+01
   2.9900000e+02   1.0000000e-01  -3.2248250e+01
   3.0000000e+02   1.0000000e-01  -3.3992708e+01
   3.0100000e+02   1.0000000e-01  -3.5579526e+01
   3.0200000e+02   1.0000000e-01  -3.7060823e+01
   3.0300000e+02   1.0000000e-01  -3.8344700e+01
   3.0400000e+02   1.0000000e-01  -3.9482893e+01
   3.0500000e+02   1.0000000e-01  -4.0379562e+01
   3.0600000e+02   1.0000000e-01  -4.1064062e+01
   3.0700000e+02   1.0000000e-01  -4.1497661e+01
   3.0800000e+02   1.0000000e-01  -4.1629831e+01
   3.0900000e+02   1.0000000e-01  -4.1625293e+01
   3.1000000e+02   1.0000000e-01  -4.1369263e+01
   3.1100000e+02   1.0000000e-01  -4.0819373e+01
   3.1200000e+02   1.0000000e-01  -4.0034376e+01
   3.1300000e+02   1.0000000e-01  -3.8887497e+01
   3.1400000e+02   1.0000000e-01  -3.7674363e+01
   3.1500000e+02   1.0000000e-01  -3.6378080e+01
   3.1600000e+02   1.0000000e-01  -3.4910320e+01
   3.1700000e+02   1.0000000e-01  -3.3278894e+01
   3.1800000e+02   1.0000000e-01  -3.1450584e+01
   3.1900000e+02   1.0000000e-01  -2.9647421e+01
   3.2000000e+02   1.0000000e-01  -2.8063742e+01
   3.2100000e+02   1.0000000e-01  -2.6534769e+01
   3.2200000e+02   1.0000000e-01  -2.5200712e+01
   3.2300000e+02   1.0000000e-01  -2.3945155e+01
   3.2400000e+02   1.0000000e-01  -2.2982146e+01
   3.2500000e+02   1.0000000e-01  -2.2208637e+01
   3.2600000e+02   1.0000000e-01  -2.1656295e+01
   3.2700000e+02   1.0000000e-01  -2.1344318e+01
   3.2800000e+02   1.0000000e-01  -2.1447504e+01
   3.2900000e+02   1.0000000e-01  -2.2000519e+01
   3.3000000e+02   1.0000000e-01  -2.2958922e+01
   3.3100000e+02   1.0000000e-01  -2.3986314e+01
   3.3200000e+02   1.0000000e-01  -2.5281939e+01
   3.3300000e+02   1.0000000e-01  -2.6728521e+01
   3.3400000e+02   1.0000000e-01  -2.8315817e+01
   3.3500000e+02   1.0000000e-01  -2.9923308e+01
   3.3600000e+02   1.0000000e-01  -3.1673668e+01
   3.3700000e+02   1.0000000e-01  -3.3548226e+01
   3.3800000e+02   1.0000000e-01  -3.5462000e+01
   3.3900000e+02   1.0000000e-01  -3.7218898e+01
   3.4000000e+02   1.0000000e-01  -3.8701033e+01
   3.4100000e+02   1.0000000e-01  -4.0084188e+01
   3.4200000e+02   1.0000000e-01  -4.1475790e+01
   3.4300000e+02   1.0000000e-01  -4.2565840e+01
   3.4400000e+02   1.0000000e-01  -4.3266148e+01
   3.4500000e+02   1.0000000e-01  -4.3668595e+01
   3.4600000e+02   1.0000000e-01  -4.3786277e+01
   3.4700000e+02   1.0000000e-01  -4.3654208e+01
   3.4800000e+02   1.0000000e-01  -4.3329214e+01
   3.4900000e+02   1.0000000e-01  -4.2850898e+01
   3.5000000e+02   1.0000000e-01  -4.1897374e+01
   3.5100000e+02   1.0000000e-01  -4.0717375e+01
   3.5200000e+02   1.0000000e-01  -3.9284765e+01
   3.5300000e+02   1.0000000e-01  -3.7749281e+01
   3.5400000e+02   1.0000000e-01  -3.6157961e+01
   3.5500000e+02   1.0000000e-01  -3.4262322e+01
   3.5600000e+02   1.0000000e-01  -3.2080511e+01
   3.5700000e+02   1.0000000e-01  -2.9832707e+01
   3.5800000e+02   1.0000000e-01  -2.7688963e+01
   3.5900000e+02   1.0000000e-01  -2.5740967e+01
   3.6000000e+02   1.0000000e-01  -2.4086268e+01
   3.6100000e+02   1.0000000e-01  -2.2731522e+01
   3.6200000e+02   1.0000000e-01  -2.1620480e+01
   3.6300000e+02   1.0000000e-01  -2.0769852e+01
   3.6400000e+02   1.0000000e-01  -2.0076378e+01
   3.6500000e+02   1.0000000e-01  -1.9683851e+01
   3.6600000e+02   1.0000000e-01  -1.9701737e+01
   3.6700000e+02   1.0000000e-01  -2.0184045e+01
   3.6800000e+02   1.0000000e-01  -2.1014334e+01
   3.6900000e+02   1.0000000e-01  -2.2205361e+01
   3.7000000e+02   1.0000000e-01  -2.3822899e+01
   3.7100000e+02   1.0000000e-01  -2.5726052e+01
   3.7200000e+02   1.0000000e-01  -2.7996537e+01
   3.7300000e+02   1.0000000e-01  -3.0379344e+01
   3.7400000e+02   1.0000000e-01  -3.2725752e+01
   3.7500000e+02   1.0000000e-01  -3.5179044e+01
   3.7600000e+02   1.0000000e-01  -3.7473347e+01
   3.7700000e+02   1.0000000e-01  -3.9476226e+01
   3.7800000e+02   1.0000000e-01  -4.1418497e+01
   3.7900000e+02   1.0000000e-01  -4.3193295e+01
   3.8000000e+02   1.0000000e-01  -4.4713683e+01
   3.8100000e+02   1.0000000e-01  -4.5729113e+01
   3.8200000e+02   1.0000000e-01  -4.6298670e+01
   3.8300000e+02   1.0000000e-01  -4.6733679e+01
   3.8400000e+02   1.0000000e-01  -4.6683110e+01
   3.8500000e+02   1.0000000e-01  -4.6062131e+01
   3.8600000e+02   1.0000000e-01  -4.4981283e+01
   3.8700000e+02   1.0000000e-01  -4.3460608e+01
   3.8800000e+02   1.0000000e-01  -4.1528429e+01
   3.8900000e+02   1.0000000e-01  -3.9306753e+01
   3.9000000e+02   1.0000000e-01  -3.6945891e+01
   3.9100000e+02   1.0000000e-01  -3.4383376e+01
   3.9200000e+02   1.0000000e-01  -3.1772173e+01
   3.9300000e+02   1.0000000e-01  -2.9131572e+01
   3.9400000e+02   1.0000000e-01  -2.6546684e+01
   3.9500000e+02   1.0000000e-01  -2.4087455e+01
   3.9600000e+02   1.0000000e-01  -2.2027089e+01
   3.9700000e+02   1.0000000e-01  -2.0280002e+01
   3.9800000e+02   1.0000000e-01  -1.8661124e+01
   3.9900000e+02   1.0000000e-01  -1.7610530e+01
   4.0000000e+02   1.0000000e-01  -1.6969906e+01
   4.0100000e+02   1.0000000e-01  -1.6885462e+01
   4.0200000e+02   1.0000000e-01  -1.7298099e+01
   4.0300000e+02   1.0000000e-01  -1.8172790e+01
   4.0400000e+02   1.0000000e-01  -1.9394756e+01
   4.0500000e+02   1.0000000e-01  -2.1069755e+01
   4.0600000e+02   1.0000000e-01  -2.3146313e+01
   4.0700000e+02   1.0000000e-01  -2.5429771e+01
   4.0800000e+02   1.0000000e-01  -2.7761177e+01
   4.0900000e+02   1.0000000e-01  -3.0296839e+01
   4.1000000e+02   1.0000000e-01  -3.2912348e+01
   4.1100000e+02   1.0000000e-01  -3.5426982e+01
   4.1200000e+02   1.0000000e-01  -3.7814078e+01
   4.1300000e+02   1.0000000e-01  -4.0034708e+01
   4.1400000e+02   1.0000000e-01  -4.2048572e+01
   4.1500000e+02   1.0000000e-01  -4.3775654e+01
   4.1600000e+02   1.0000000e-01  -4.5311535e+01
   4.1700000e+02   1.0000000e-01  -4.6641105e+01
   4.1800000e+02   1.0000000e-01  -4.7572589e+01
   4.1900000e+02   1.0000000e-01  -4.7962129e+01
   4.2000000e+02   1.0000000e-01  -4.7649492e+01
   4.2100000e+02   1.0000000e-01  -4.6909276e+01
   4.2200000e+02   1.0000000e-01  -4.5702867e+01
   4.2300000e+02   1.0000000e-01  -4.4106613e+01
   4.2400000e+02   1.0000000e-01  -4.2099612e+01
   4.2500000e+02   1.0000000e-01  -3.9808742e+01
   4.2600000e+02   1.0000000e-01  -3.7389889e+01
   4.2700000e+02   1.0000000e-01  -3.4919384e+01
   4.2800000e+02   1.0000000e-01  -3.2493950e+01
   4.2900000e+02   1.0000000e-01  -3.0028612e+01
   4.3000000e+02   1.0000000e-01  -2.7626803e+01
   4.3100000e+02   1.0000000e-01  -2.5358308e+01
   4.3200000e+02   1.0000000e-01  -2.3255403e+01
   4.3300000e+02   1.0000000e-01  -2.1465805e+01
   4.3400000e+02   1.0000000e-01  -2.0061566e+01
   4.3500000e+02   1.0000000e-01  -1.9131473e+01
   4.3600000e+02   1.0000000e-01  -1.8663087e+01
   4.3700000e+02   1.0000000e-01  -1.8536647e+01
   4.3800000e+02   1.0000000e-01  -1.8737627e+01
   4.3900000e+02   1.0000000e-01  -1.9377457e+01
   4.4000000e+02   1.0000000e-01  -2.0365022e+01
   4.4100000e+02   1.0000000e-01  -2.1754305e+01
   4.4200000e+02   1.0000000e-01  -2.3357564e+01
   4.4300000e+02   1.0000000e-01  -2.5269025e+01
   4.4400000e+02   1.0000000e-01  -2.7372712e+01
   4.4500000e+02   1.0000000e-01  -2.9551624e+01
   4.4600000e+02   1.0000000e-01  -3.1773447e+01
   4.4700000e+02   1.0000000e-01  -3.4034110e+01
   4.4800000e+02   1.0000000e-01  -3.6267758e+01
   4.4900000e+02   1.0000000e-01  -3.8388777e+01
   4.5000000e+02   1.0000000e-01  -4.0402266e+01
   4.5100000e+02   1.0000000e-01  -4.2145179e+01
   4.5200000e+02   1.0000000e-01  -4.3486812e+01
   4.5300000e+02   1.0000000e-01  -4.4624202e+01
   4.5400000e+02   1.0000000e-01  -4.5564040e+01
   4.5500000e+02   1.0000000e-01  -4.6157348e+01
   4.5600000e+02   1.0000000e-01  -4.6302704e+01
   4.5700000e+02   1.0000000e-01  -4.6066962e+01
   4.5800000e+02   1.0000000e-01  -4.5585419e+01
   4.5900000e+02   1.0000000e-01  -4.4766689e+01
   4.6000000e+02   1.0000000e-01  -4.3716728e+01
   4.6100000e+02   1.0000000e-01  -4.2328731e+01
   4.6200000e+02   1.0000000e-01  -4.0549777e+01
   4.6300000e+02   1.0000000e-01  -3.8596079e+01
   4.6400000e+02   1.0000000e-01  -3.6558447e+01
   4.6500000e+02   1.0000000e-01  -3.4359853e+01
   4.6600000e+02   1.0000000e-01  -3.2027699e+01
   4.6700000e+02   1.0000000e-01  -2.9858806e+01
   4.6800000e+02   1.0000000e-01  -2.7853476e+01
   4.6900000e+02   1.0000000e-01  -2.6016758e+01
   4.7000000e+02   1.0000000e-01  -2.4609242e+01
   4.7100000e+02   1.0000000e-01  -2.3292652e+01
   4.7200000e+02   1.0000000e-01  -2.2231804e+01
   4.7300000e+02   1.0000000e-01  -2.1467834e+01
   4.7400000e+02   1.0000000e-01  -2.1050065e+01
   4.7500000e+02   1.0000000e-01  -2.1144766e+01
   4.7600000e+02   1.0000000e-01  -2.1552110e+01
   4.7700000e+02   1.0000000e-01  -2.2243821e+01
   4.7800000e+02   1.0000000e-01  -2.3385494e+01
   4.7900000e+02   1.0000000e-01  -2.4801088e+01
   4.8000000e+02   1.0000000e-01  -2.6436636e+01
   4.8100000e+02   1.0000000e-01  -2.8252267e+01
   4.8200000e+02   1.0000000e-01  -3.0001987e+01
   4.8300000e+02   1.0000000e-01  -3.1903946e+01
   4.8400000e+02   1.0000000e-01  -3.3801599e+01
   4.8500000e+02   1.0000000e-01  -3.5590637e+01
   4.8600000e+02   1.0000000e-01  -3.7235792e+01
   4.8700000e+02   1.0000000e-01  -3.8470860e+01
   4.8800000e+02   1.0000000e-01  -3.9371350e+01
   4.8900000e+02   1.0000000e-01  -4.0062196e+01
   4.9000000e+02   1.0000000e-01  -4.0537916e+01
   4.9100000e+02   1.0000000e-01  -4.0827007e+01
   4.9200000e+02   1.0000000e-01  -4.0819125e+01
   4.9300000e+02   1.0000000e-01  -4.0669307e+01
   4.9400000e+02   1.0000000e-01  -4.0323210e+01
   4.9500000e+02   1.0000000e-01  -3.9695525e+01
   4.9600000e+02   1.0000000e-01  -3.8847583e+01
   4.9700000e+02   1.0000000e-01  -3.7818605e+01
   4.9800000e+02   1.0000000e-01  -3.6711648e+01
   4.9900000e+02   1.0000000e-01  -3.5515925e+01
